average: 9.17147523135547
median: 8standard deviation: 4.479618896588489
skewness: 0.7845367597549131
min: 1
max: 35
[(1, 1), (2, 17), (3, 40), (4, 116), (5, 212), (6, 220), (7, 208), (8, 169), (9, 156), (10, 115), (11, 113), (12, 85), (13, 82), (14, 71), (15, 48), (16, 43), (17, 42), (18, 30), (19, 15), (20, 13), (21, 16), (22, 7), (23, 5), (24, 2), (25, 4), (26, 2), (28, 2), (30, 1), (31, 1), (35, 1)]